percision: 0.25745085605580215
recall: 0.6952054794520548
fbeta: 0.3757519666820916
